1051
107962
1159376
1159524
1159650
1159735
1159811
1159959
1160066
1160208
1379
1386
150493
150515
1592401
1592433
1592751
1592762
1593035
160
1711
2315718
2315726
2316138
2317249
2318042
2318061
2318308
2318672
2319115
2319899
2320658
2321657
2323842
2325092
2325612
2326199
2326294
2326310
2330120
2332851
2333648
2333800
2334681
2335471
2336116
2338995
2339760
2340390
2340751
2341259
2341268
2341434
2341705
2343930
2344410
2346577
2346742
2347458
2348432
2349335
2349737
2349948
2350120
2352159
2352250
2353541
2354333
2355303
2356281
2357275
2358947
2359604
2360344
2360803
2360892
2360927
2361056
2361407
2362134
2362334
2363398
2363587
2364076
2364340
2364477
2364729
2366125
2366508
2366550
2366605
2366640
2366993
2367507
2367829
2367851
2368102
2369013
2369171
2369907
2369959
2370835
2370845
2371230
2371682
2371993
2372295
2373390
2373922
2374047
2374727
2374842
2375043
2375204
2375820
2376005
2376065
2376668
2377058
2377656
2378397
2381846
2383872
2384490
2384495
2384504
2384507
2384598
2385092
2385675
2387855
2388053
2388442
2389473
2390165
2390516
2390627
2392171
2392833
2396077
2396276
2396524
2396961
2397064
2400441
2400837
2402616
2404542
2404652
2405274
2405867
2407103
2407142
2407406
2408547
2408800
2408968
2409001
2409055
2409225
2409423
2409779
2410580
2411602
2411785
2411806
2412039
2412150
2412795
2413085
2415709
2417465
2417466
2417502
2453
2787
2832
285680
285770
285961
286058
286078
350
393
395
4333
4445
498002
498006
498069
498233
498391
713059
713371
713427
713432
713533
713650
713694
897